scene:
  Count: 44
  GeomOffset: 0.05470309033989906
  Seed: 178
  ShadingOffset: -0.07898993790149689
  Y: 0.30000001192092896
  Z: 0.10000000149011612
object:
  Angle: 0.8657861351966858
  AngleY: 1.7512551546096802
  AngleZ: 2.4876174926757812
  Flip: false
  Hue1: 0.339048832654953
  Hue2: 0.8234920501708984
  RotationZ: 4.36120080947876
