scene:
  Count: 44
  GeomOffset: -0.0030235033482313156
  Seed: 414
  ShadingOffset: 0.28036439418792725
  Y: 0.30000001192092896
  Z: 0.10000000149011612
object:
  Angle: 3.838793992996216
  AngleY: 0.5444555878639221
  AngleZ: 0.7128587365150452
  Flip: true
  Hue1: 0.25373467803001404
  Hue2: 0.23467770218849182
  RotationZ: 5.104423522949219
