scene:
  Count: 44
  GeomOffset: 0.039115060120821
  Seed: 267
  ShadingOffset: -0.81605064868927
  Y: 0.30000001192092896
  Z: 0.10000000149011612
object:
  Angle: 0.313138484954834
  AngleY: 2.551123857498169
  AngleZ: 1.5853105783462524
  Flip: true
  Hue1: 0.3010190427303314
  Hue2: 0.6450147032737732
  RotationZ: 6.034265518188477
