scene:
  Count: 44
  GeomOffset: -0.01978987269103527
  Seed: 3
  ShadingOffset: -0.33899393677711487
  Y: 0.30000001192092896
  Z: 0.10000000149011612
object:
  Angle: 3.4081573486328125
  AngleY: 1.2828606367111206
  AngleZ: 0.9649332761764526
  Flip: false
  Hue1: 0.8068268895149231
  Hue2: 0.19847773015499115
  RotationZ: 3.5426876544952393
