scene:
  Count: 44
  GeomOffset: 0.03535396233201027
  Seed: 412
  ShadingOffset: -0.6829767823219299
  Y: 0.30000001192092896
  Z: 0.10000000149011612
object:
  Angle: 1.61649489402771
  AngleY: 2.3379759788513184
  AngleZ: 0.08932807296514511
  Flip: false
  Hue1: 0.2095276266336441
  Hue2: 0.25869035720825195
  RotationZ: 0.19058628380298615
