scene:
  Count: 44
  GeomOffset: 0.09859342873096466
  Seed: 94
  ShadingOffset: -0.15641647577285767
  Y: 0.30000001192092896
  Z: 0.10000000149011612
object:
  Angle: 2.5097224712371826
  AngleY: 2.0128540992736816
  AngleZ: 0.5865662693977356
  Flip: true
  Hue1: 0.36832988262176514
  Hue2: 0.015666132792830467
  RotationZ: 3.3169901371002197
