scene:
  Count: 44
  GeomOffset: 0.0513993501663208
  Seed: 47
  ShadingOffset: -0.6846287846565247
  Y: 0.30000001192092896
  Z: 0.10000000149011612
object:
  Angle: 3.6512227058410645
  AngleY: 2.7449216842651367
  AngleZ: 2.1905810832977295
  Flip: false
  Hue1: 0.7247647047042847
  Hue2: 0.830700695514679
  RotationZ: 3.843120574951172
