scene:
  Count: 44
  GeomOffset: 0.059004172682762146
  Seed: 263
  ShadingOffset: -0.48023533821105957
  Y: 0.30000001192092896
  Z: 0.10000000149011612
object:
  Angle: 2.790936231613159
  AngleY: 2.1282553672790527
  AngleZ: 2.8762741088867188
  Flip: true
  Hue1: 0.05107162892818451
  Hue2: 0.5100219249725342
  RotationZ: 3.849536895751953
