scene:
  Count: 44
  GeomOffset: 0.03021586686372757
  Seed: 151
  ShadingOffset: -0.2969498336315155
  Y: 0.30000001192092896
  Z: 0.10000000149011612
object:
  Angle: 4.588387966156006
  AngleY: 2.7848079204559326
  AngleZ: 3.1065032482147217
  Flip: false
  Hue1: 0.5302786231040955
  Hue2: 0.758118748664856
  RotationZ: 5.753397464752197
