scene:
  Count: 44
  GeomOffset: -0.08598190546035767
  Seed: 80
  ShadingOffset: 0.46114659309387207
  Y: 0.30000001192092896
  Z: 0.10000000149011612
object:
  Angle: 4.404675006866455
  AngleY: 2.6678290367126465
  AngleZ: 1.471494197845459
  Flip: false
  Hue1: 0.6320436000823975
  Hue2: 0.7413092851638794
  RotationZ: 5.19021463394165
