scene:
  Count: 44
  GeomOffset: 0.02697785757482052
  Seed: 233
  ShadingOffset: -0.36791732907295227
  Y: 0.30000001192092896
  Z: 0.10000000149011612
object:
  Angle: 0.8682886958122253
  AngleY: 0.9784789085388184
  AngleZ: 2.9541215896606445
  Flip: false
  Hue1: 0.02346803806722164
  Hue2: 0.5293962955474854
  RotationZ: 0.4184562861919403
