scene:
  Count: 44
  GeomOffset: -0.00553518021479249
  Seed: 436
  ShadingOffset: 0.45751646161079407
  Y: 0.30000001192092896
  Z: 0.10000000149011612
object:
  Angle: 3.1386666297912598
  AngleY: 1.4307153224945068
  AngleZ: 2.0461580753326416
  Flip: false
  Hue1: 0.5899598598480225
  Hue2: 0.37790578603744507
  RotationZ: 3.4312055110931396
