scene:
  Count: 44
  GeomOffset: -0.05601292848587036
  Seed: 118
  ShadingOffset: 0.32338613271713257
  Y: 0.30000001192092896
  Z: 0.10000000149011612
object:
  Angle: 4.5240020751953125
  AngleY: 2.490041732788086
  AngleZ: 3.012423515319824
  Flip: true
  Hue1: 0.9063975214958191
  Hue2: 0.7289040088653564
  RotationZ: 4.028621196746826
