scene:
  Count: 44
  GeomOffset: -0.053681112825870514
  Seed: 314
  ShadingOffset: -0.824042797088623
  Y: 0.30000001192092896
  Z: 0.10000000149011612
object:
  Angle: 4.451650619506836
  AngleY: 0.6969023942947388
  AngleZ: 2.9602606296539307
  Flip: true
  Hue1: 0.5595443248748779
  Hue2: 0.8645449280738831
  RotationZ: 0.07119948416948318
