scene:
  Count: 44
  GeomOffset: -0.024958817288279533
  Seed: 34
  ShadingOffset: 0.14509344100952148
  Y: 0.30000001192092896
  Z: 0.10000000149011612
object:
  Angle: 1.1454850435256958
  AngleY: 0.2542727291584015
  AngleZ: 0.8194541931152344
  Flip: true
  Hue1: 0.9551734328269958
  Hue2: 0.5313804149627686
  RotationZ: 0.8987322449684143
