scene:
  Count: 44
  GeomOffset: -0.09442809969186783
  Seed: 188
  ShadingOffset: 0.7519420981407166
  Y: 0.30000001192092896
  Z: 0.10000000149011612
object:
  Angle: 1.8205164670944214
  AngleY: 0.7645713090896606
  AngleZ: 1.200417399406433
  Flip: true
  Hue1: 0.8380959630012512
  Hue2: 0.7292332053184509
  RotationZ: 3.7755537033081055
