scene:
  Count: 44
  GeomOffset: 0.013795139268040657
  Seed: 12
  ShadingOffset: -0.3441382944583893
  Y: 0.30000001192092896
  Z: 0.10000000149011612
object:
  Angle: 4.695300102233887
  AngleY: 2.5673933029174805
  AngleZ: 0.15515977144241333
  Flip: true
  Hue1: 0.4103681147098541
  Hue2: 0.3070252239704132
  RotationZ: 2.1318349838256836
