scene:
  Count: 44
  GeomOffset: -0.007142726331949234
  Seed: 461
  ShadingOffset: 0.36199861764907837
  Y: 0.30000001192092896
  Z: 0.10000000149011612
object:
  Angle: 0.2350243180990219
  AngleY: 0.5835229754447937
  AngleZ: 0.562935471534729
  Flip: true
  Hue1: 0.11342083662748337
  Hue2: 0.14497679471969604
  RotationZ: 0.6574816107749939
