scene:
  Count: 44
  GeomOffset: -0.036208536475896835
  Seed: 171
  ShadingOffset: -0.24916867911815643
  Y: 0.30000001192092896
  Z: 0.10000000149011612
object:
  Angle: 5.013893127441406
  AngleY: 2.209010124206543
  AngleZ: 0.9772987961769104
  Flip: false
  Hue1: 0.2888306975364685
  Hue2: 0.028969665989279747
  RotationZ: 4.995101451873779
