scene:
  Count: 44
  GeomOffset: 0.0076773506589233875
  Seed: 197
  ShadingOffset: 0.5904523134231567
  Y: 0.30000001192092896
  Z: 0.10000000149011612
object:
  Angle: 1.3430747985839844
  AngleY: 1.081206202507019
  AngleZ: 1.6903764009475708
  Flip: true
  Hue1: 0.3594663143157959
  Hue2: 0.2477680891752243
  RotationZ: 1.7728815078735352
