scene:
  Count: 44
  GeomOffset: -0.0946974977850914
  Seed: 279
  ShadingOffset: -0.451000452041626
  Y: 0.30000001192092896
  Z: 0.10000000149011612
object:
  Angle: 3.921701431274414
  AngleY: 0.6218758821487427
  AngleZ: 2.8321170806884766
  Flip: false
  Hue1: 0.045397818088531494
  Hue2: 0.8716567158699036
  RotationZ: 0.6884216070175171
