scene:
  Count: 44
  GeomOffset: 0.09566861391067505
  Seed: 434
  ShadingOffset: 0.29568222165107727
  Y: 0.30000001192092896
  Z: 0.10000000149011612
object:
  Angle: 3.0810434818267822
  AngleY: 0.7514417767524719
  AngleZ: 1.1937732696533203
  Flip: true
  Hue1: 0.5945813655853271
  Hue2: 0.3613247275352478
  RotationZ: 5.115707874298096
