scene:
  Count: 44
  GeomOffset: 0.009893656708300114
  Seed: 212
  ShadingOffset: -0.5988205671310425
  Y: 0.30000001192092896
  Z: 0.10000000149011612
object:
  Angle: 2.6960878372192383
  AngleY: 0.14361326396465302
  AngleZ: 0.22660674154758453
  Flip: true
  Hue1: 0.9159474968910217
  Hue2: 0.8303363919258118
  RotationZ: 2.1194703578948975
