scene:
  Count: 44
  GeomOffset: -0.051728058606386185
  Seed: 11
  ShadingOffset: 0.3565044105052948
  Y: 0.30000001192092896
  Z: 0.10000000149011612
object:
  Angle: 5.279952526092529
  AngleY: 1.9274646043777466
  AngleZ: 1.8689160346984863
  Flip: false
  Hue1: 0.6428871750831604
  Hue2: 0.62260502576828
  RotationZ: 1.8822275400161743
