scene:
  Count: 44
  GeomOffset: -0.037094783037900925
  Seed: 237
  ShadingOffset: 0.04215453192591667
  Y: 0.30000001192092896
  Z: 0.10000000149011612
object:
  Angle: 0.8440067768096924
  AngleY: 0.09783704578876495
  AngleZ: 0.07064720243215561
  Flip: false
  Hue1: 0.25307515263557434
  Hue2: 0.5637186169624329
  RotationZ: 4.4017133712768555
