scene:
  Count: 44
  GeomOffset: 0.09388289600610733
  Seed: 201
  ShadingOffset: -0.3209296464920044
  Y: 0.30000001192092896
  Z: 0.10000000149011612
object:
  Angle: 0.018114855512976646
  AngleY: 0.782518208026886
  AngleZ: 0.4545120894908905
  Flip: true
  Hue1: 0.8547567129135132
  Hue2: 0.8192363977432251
  RotationZ: 5.928152561187744
