scene:
  Count: 44
  GeomOffset: -0.015188036486506462
  Seed: 192
  ShadingOffset: 0.28336310386657715
  Y: 0.30000001192092896
  Z: 0.10000000149011612
object:
  Angle: 5.1385908126831055
  AngleY: 2.502739429473877
  AngleZ: 1.6688259840011597
  Flip: true
  Hue1: 0.8584603071212769
  Hue2: 0.005277351476252079
  RotationZ: 3.888671875
