scene:
  Count: 44
  GeomOffset: -0.048230428248643875
  Seed: 2
  ShadingOffset: 0.5084310173988342
  Y: 0.30000001192092896
  Z: 0.10000000149011612
object:
  Angle: 5.99688720703125
  AngleY: 0.7811369895935059
  AngleZ: 0.05214952304959297
  Flip: false
  Hue1: 0.33739280700683594
  Hue2: 0.948056697845459
  RotationZ: 0.02484256401658058
