scene:
  Count: 44
  GeomOffset: 0.03842875733971596
  Seed: 35
  ShadingOffset: 0.13846686482429504
  Y: 0.30000001192092896
  Z: 0.10000000149011612
object:
  Angle: 0.6170635223388672
  AngleY: 2.30875825881958
  AngleZ: 0.7621828317642212
  Flip: true
  Hue1: 0.29071104526519775
  Hue2: 0.8780655860900879
  RotationZ: 5.6795830726623535
