scene:
  Count: 44
  GeomOffset: -0.03417294844985008
  Seed: 438
  ShadingOffset: -0.6772481799125671
  Y: 0.30000001192092896
  Z: 0.10000000149011612
object:
  Angle: 1.2248903512954712
  AngleY: 0.7317436933517456
  AngleZ: 2.279012680053711
  Flip: true
  Hue1: 0.07178875058889389
  Hue2: 0.2651260495185852
  RotationZ: 1.8723809719085693
