scene:
  Count: 44
  GeomOffset: -0.08558705449104309
  Seed: 470
  ShadingOffset: 0.6518675088882446
  Y: 0.30000001192092896
  Z: 0.10000000149011612
object:
  Angle: 5.0384039878845215
  AngleY: 2.453935384750366
  AngleZ: 2.6643004417419434
  Flip: false
  Hue1: 0.0025945338420569897
  Hue2: 0.1892358809709549
  RotationZ: 3.5639123916625977
