normalization:
  max: 4.903090476989746
  min: 2.3110647201538086
