scene:
  Count: 44
  GeomOffset: 0.024681048467755318
  Seed: 218
  ShadingOffset: -0.26570427417755127
  Y: 0.30000001192092896
  Z: 0.10000000149011612
object:
  Angle: 1.7762260437011719
  AngleY: 3.0398318767547607
  AngleZ: 2.486027956008911
  Flip: false
  Hue1: 0.6677826046943665
  Hue2: 0.6870770454406738
  RotationZ: 3.5864059925079346
