scene:
  Count: 44
  GeomOffset: 0.002950685564428568
  Seed: 461
  ShadingOffset: -0.5192229151725769
  Y: 0.30000001192092896
  Z: 0.10000000149011612
object:
  Angle: 5.264418601989746
  AngleY: 1.9560599327087402
  AngleZ: 0.5713844299316406
  Flip: true
  Hue1: 0.7973406314849854
  Hue2: 0.5357912182807922
  RotationZ: 0.5009402632713318
