scene:
  Count: 44
  GeomOffset: 0.08917678892612457
  Seed: 122
  ShadingOffset: -0.06284637749195099
  Y: 0.30000001192092896
  Z: 0.10000000149011612
object:
  Angle: 1.5507781505584717
  AngleY: 0.0543198361992836
  AngleZ: 1.8026821613311768
  Flip: true
  Hue1: 0.7668118476867676
  Hue2: 0.9247626662254333
  RotationZ: 5.597064971923828
