scene:
  Count: 44
  GeomOffset: 0.006385128479450941
  Seed: 429
  ShadingOffset: 0.4121914803981781
  Y: 0.30000001192092896
  Z: 0.10000000149011612
object:
  Angle: 1.991587519645691
  AngleY: 2.9115662574768066
  AngleZ: 1.941897988319397
  Flip: true
  Hue1: 0.47241541743278503
  Hue2: 0.6297783851623535
  RotationZ: 0.0627661943435669
