scene:
  Count: 44
  GeomOffset: 0.06882977485656738
  Seed: 151
  ShadingOffset: -0.49453625082969666
  Y: 0.30000001192092896
  Z: 0.10000000149011612
object:
  Angle: 0.9678897261619568
  AngleY: 2.1299777030944824
  AngleZ: 0.5026845932006836
  Flip: true
  Hue1: 0.3434220850467682
  Hue2: 0.7289248108863831
  RotationZ: 1.4803657531738281
