scene:
  Count: 44
  GeomOffset: 0.018383806571364403
  Seed: 185
  ShadingOffset: 0.9318389892578125
  Y: 0.30000001192092896
  Z: 0.10000000149011612
object:
  Angle: 2.74638032913208
  AngleY: 2.6143462657928467
  AngleZ: 0.29086050391197205
  Flip: true
  Hue1: 0.20947392284870148
  Hue2: 0.1379016488790512
  RotationZ: 5.58427619934082
