scene:
  Count: 44
  GeomOffset: -0.017128171399235725
  Seed: 36
  ShadingOffset: 0.9013744592666626
  Y: 0.30000001192092896
  Z: 0.10000000149011612
object:
  Angle: 0.9069727659225464
  AngleY: 1.6437946557998657
  AngleZ: 2.6861705780029297
  Flip: true
  Hue1: 0.7622573375701904
  Hue2: 0.7158966660499573
  RotationZ: 5.155518054962158
