scene:
  Count: 44
  GeomOffset: -0.06143428385257721
  Seed: 249
  ShadingOffset: -0.28855520486831665
  Y: 0.30000001192092896
  Z: 0.10000000149011612
object:
  Angle: 0.42131876945495605
  AngleY: 0.9451972842216492
  AngleZ: 1.727677822113037
  Flip: false
  Hue1: 0.11423582583665848
  Hue2: 0.6372073292732239
  RotationZ: 0.24377664923667908
