scene:
  Count: 44
  GeomOffset: -0.05581878870725632
  Seed: 453
  ShadingOffset: -0.4213649034500122
  Y: 0.30000001192092896
  Z: 0.10000000149011612
object:
  Angle: 0.9338990449905396
  AngleY: 0.5264294743537903
  AngleZ: 2.009290933609009
  Flip: false
  Hue1: 0.8133649826049805
  Hue2: 0.9839837551116943
  RotationZ: 0.6770447492599487
