scene:
  Count: 44
  GeomOffset: 0.0034930147230625153
  Seed: 86
  ShadingOffset: -0.6994937062263489
  Y: 0.30000001192092896
  Z: 0.10000000149011612
object:
  Angle: 1.0554213523864746
  AngleY: 2.5475144386291504
  AngleZ: 0.13067053258419037
  Flip: false
  Hue1: 0.45163440704345703
  Hue2: 0.0010204592254012823
  RotationZ: 3.109638214111328
