scene:
  Count: 44
  GeomOffset: 0.07599316537380219
  Seed: 106
  ShadingOffset: -0.5158178210258484
  Y: 0.30000001192092896
  Z: 0.10000000149011612
object:
  Angle: 5.161013603210449
  AngleY: 0.7000032067298889
  AngleZ: 0.21155428886413574
  Flip: true
  Hue1: 0.1440662294626236
  Hue2: 0.06195163354277611
  RotationZ: 3.384693145751953
