scene:
  Count: 44
  GeomOffset: -0.04880513250827789
  Seed: 10
  ShadingOffset: 0.8526461720466614
  Y: 0.30000001192092896
  Z: 0.10000000149011612
object:
  Angle: 3.5524089336395264
  AngleY: 1.1507242918014526
  AngleZ: 2.2766473293304443
  Flip: true
  Hue1: 0.45197415351867676
  Hue2: 0.024919461458921432
  RotationZ: 1.997097134590149
