scene:
  Count: 44
  GeomOffset: 0.048134855926036835
  Seed: 19
  ShadingOffset: -0.8856227397918701
  Y: 0.30000001192092896
  Z: 0.10000000149011612
object:
  Angle: 4.656556129455566
  AngleY: 2.068302869796753
  AngleZ: 3.0059165954589844
  Flip: false
  Hue1: 0.35333073139190674
  Hue2: 0.13364100456237793
  RotationZ: 2.5984151363372803
