scene:
  Count: 44
  GeomOffset: 0.002346210880205035
  Seed: 122
  ShadingOffset: 0.41426411271095276
  Y: 0.30000001192092896
  Z: 0.10000000149011612
object:
  Angle: 0.339335560798645
  AngleY: 2.4609732627868652
  AngleZ: 0.27582356333732605
  Flip: false
  Hue1: 0.6457816958427429
  Hue2: 0.024882301688194275
  RotationZ: 4.831109523773193
