scene:
  Count: 44
  GeomOffset: 0.006172950845211744
  Seed: 229
  ShadingOffset: -0.9857982397079468
  Y: 0.30000001192092896
  Z: 0.10000000149011612
object:
  Angle: 2.3481616973876953
  AngleY: 2.635341167449951
  AngleZ: 0.8008344769477844
  Flip: false
  Hue1: 0.692573606967926
  Hue2: 0.553255021572113
  RotationZ: 6.029535293579102
