scene:
  Count: 44
  GeomOffset: -0.0050788638181984425
  Seed: 236
  ShadingOffset: 0.10964608937501907
  Y: 0.30000001192092896
  Z: 0.10000000149011612
object:
  Angle: 3.2196261882781982
  AngleY: 0.1799592822790146
  AngleZ: 1.8919730186462402
  Flip: false
  Hue1: 0.746087908744812
  Hue2: 0.38349664211273193
  RotationZ: 1.7068268060684204
