scene:
  Count: 44
  GeomOffset: 0.09243270754814148
  Seed: 50
  ShadingOffset: -0.42337679862976074
  Y: 0.30000001192092896
  Z: 0.10000000149011612
object:
  Angle: 2.750079870223999
  AngleY: 2.8092310428619385
  AngleZ: 0.5366675853729248
  Flip: false
  Hue1: 0.9772070646286011
  Hue2: 0.6801459789276123
  RotationZ: 3.0123798847198486
