scene:
  Count: 44
  GeomOffset: -0.0005899241659790277
  Seed: 34
  ShadingOffset: 0.1055646762251854
  Y: 0.30000001192092896
  Z: 0.10000000149011612
object:
  Angle: 3.64050555229187
  AngleY: 1.848113775253296
  AngleZ: 0.9706451296806335
  Flip: true
  Hue1: 0.39564621448516846
  Hue2: 0.43975481390953064
  RotationZ: 2.3245415687561035
