scene:
  Count: 44
  GeomOffset: -0.035166531801223755
  Seed: 41
  ShadingOffset: -0.1724594086408615
  Y: 0.30000001192092896
  Z: 0.10000000149011612
object:
  Angle: 4.363661289215088
  AngleY: 0.6416244506835938
  AngleZ: 2.987370014190674
  Flip: true
  Hue1: 0.9252371191978455
  Hue2: 0.694848358631134
  RotationZ: 0.08186810463666916
