scene:
  Count: 44
  GeomOffset: -0.014397649094462395
  Seed: 75
  ShadingOffset: 0.47584593296051025
  Y: 0.30000001192092896
  Z: 0.10000000149011612
object:
  Angle: 5.55349063873291
  AngleY: 0.1761939376592636
  AngleZ: 0.5168328285217285
  Flip: true
  Hue1: 0.7365224361419678
  Hue2: 0.9643611907958984
  RotationZ: 4.365499973297119
