scene:
  Count: 44
  GeomOffset: -0.09311286360025406
  Seed: 258
  ShadingOffset: -0.5152745246887207
  Y: 0.30000001192092896
  Z: 0.10000000149011612
object:
  Angle: 0.8731809258460999
  AngleY: 2.7690770626068115
  AngleZ: 2.0247368812561035
  Flip: false
  Hue1: 0.3064168393611908
  Hue2: 0.5508760213851929
  RotationZ: 3.526472330093384
