scene:
  Count: 44
  GeomOffset: 0.02596932090818882
  Seed: 80
  ShadingOffset: -0.38916605710983276
  Y: 0.30000001192092896
  Z: 0.10000000149011612
object:
  Angle: 5.4484124183654785
  AngleY: 0.6896238327026367
  AngleZ: 2.7340078353881836
  Flip: true
  Hue1: 0.14202362298965454
  Hue2: 0.0005104834563098848
  RotationZ: 0.6538618206977844
