scene:
  Count: 44
  GeomOffset: 0.030605724081397057
  Seed: 11
  ShadingOffset: -0.975094199180603
  Y: 0.30000001192092896
  Z: 0.10000000149011612
object:
  Angle: 4.348893165588379
  AngleY: 2.6988685131073
  AngleZ: 0.19497111439704895
  Flip: true
  Hue1: 0.8022671937942505
  Hue2: 0.08068160712718964
  RotationZ: 5.27170467376709
