scene:
  Count: 44
  GeomOffset: 0.09143465012311935
  Seed: 57
  ShadingOffset: 0.07723229378461838
  Y: 0.30000001192092896
  Z: 0.10000000149011612
object:
  Angle: 3.5284957885742188
  AngleY: 1.2796087265014648
  AngleZ: 2.008598804473877
  Flip: false
  Hue1: 0.3322916328907013
  Hue2: 0.9901502728462219
  RotationZ: 1.478833794593811
