scene:
  Count: 44
  GeomOffset: -0.07444614917039871
  Seed: 486
  ShadingOffset: -0.8296001553535461
  Y: 0.30000001192092896
  Z: 0.10000000149011612
object:
  Angle: 1.648383378982544
  AngleY: 1.2235198020935059
  AngleZ: 1.7687184810638428
  Flip: true
  Hue1: 0.012980382889509201
  Hue2: 0.40822821855545044
  RotationZ: 2.9355671405792236
