normalization:
  max: 4.903090000152588
  min: 2.3110647201538086
