scene:
  Count: 44
  GeomOffset: -0.020336482673883438
  Seed: 391
  ShadingOffset: -0.9211846590042114
  Y: 0.30000001192092896
  Z: 0.10000000149011612
object:
  Angle: 2.92643141746521
  AngleY: 3.0111684799194336
  AngleZ: 1.5507392883300781
  Flip: true
  Hue1: 0.17525526881217957
  Hue2: 0.5724263787269592
  RotationZ: 2.54848575592041
