scene:
  Count: 44
  GeomOffset: 0.010018065571784973
  Seed: 153
  ShadingOffset: 0.7997063994407654
  Y: 0.30000001192092896
  Z: 0.10000000149011612
object:
  Angle: 1.2768914699554443
  AngleY: 2.195784330368042
  AngleZ: 2.478531837463379
  Flip: true
  Hue1: 0.5080097913742065
  Hue2: 0.5638515949249268
  RotationZ: 2.2625112533569336
