scene:
  Count: 44
  GeomOffset: -0.0917595848441124
  Seed: 269
  ShadingOffset: 0.8809639811515808
  Y: 0.30000001192092896
  Z: 0.10000000149011612
object:
  Angle: 5.489389419555664
  AngleY: 2.567595958709717
  AngleZ: 1.1437729597091675
  Flip: true
  Hue1: 0.7515966892242432
  Hue2: 0.3016393482685089
  RotationZ: 5.410783290863037
