scene:
  Count: 44
  GeomOffset: 0.013962551951408386
  Seed: 63
  ShadingOffset: -0.14825810492038727
  Y: 0.30000001192092896
  Z: 0.10000000149011612
object:
  Angle: 0.16679443418979645
  AngleY: 2.1220622062683105
  AngleZ: 2.7203192710876465
  Flip: false
  Hue1: 0.17408473789691925
  Hue2: 0.9278990626335144
  RotationZ: 1.3937240839004517
