scene:
  Count: 44
  GeomOffset: -0.027829360216856003
  Seed: 325
  ShadingOffset: -0.8439189195632935
  Y: 0.30000001192092896
  Z: 0.10000000149011612
object:
  Angle: 1.0854873657226562
  AngleY: 1.2217888832092285
  AngleZ: 1.6489460468292236
  Flip: true
  Hue1: 0.25300294160842896
  Hue2: 0.3152317702770233
  RotationZ: 3.6843743324279785
