scene:
  Count: 44
  GeomOffset: 0.04969898611307144
  Seed: 122
  ShadingOffset: 0.49053266644477844
  Y: 0.30000001192092896
  Z: 0.10000000149011612
object:
  Angle: 1.842134714126587
  AngleY: 0.9218103289604187
  AngleZ: 2.054091691970825
  Flip: false
  Hue1: 0.7535437345504761
  Hue2: 0.880596935749054
  RotationZ: 4.168179035186768
