scene:
  Count: 44
  GeomOffset: 0.06238192319869995
  Seed: 177
  ShadingOffset: 0.22477881610393524
  Y: 0.30000001192092896
  Z: 0.10000000149011612
object:
  Angle: 2.310969591140747
  AngleY: 1.4279567003250122
  AngleZ: 1.099593162536621
  Flip: false
  Hue1: 0.5005685091018677
  Hue2: 0.9689682722091675
  RotationZ: 3.9047975540161133
