scene:
  Count: 44
  GeomOffset: -0.00781488697975874
  Seed: 200
  ShadingOffset: -0.05084104463458061
  Y: 0.30000001192092896
  Z: 0.10000000149011612
object:
  Angle: 4.298479080200195
  AngleY: 1.2471113204956055
  AngleZ: 0.009720878675580025
  Flip: false
  Hue1: 0.355595201253891
  Hue2: 0.8930047750473022
  RotationZ: 2.629154920578003
