scene:
  Count: 44
  GeomOffset: 0.046375617384910583
  Seed: 72
  ShadingOffset: 0.8549357652664185
  Y: 0.30000001192092896
  Z: 0.10000000149011612
object:
  Angle: 4.918266296386719
  AngleY: 2.318711519241333
  AngleZ: 2.488159656524658
  Flip: true
  Hue1: 0.17668750882148743
  Hue2: 0.9142305254936218
  RotationZ: 0.0578482411801815
