scene:
  Count: 44
  GeomOffset: 0.08594473451375961
  Seed: 40
  ShadingOffset: -0.29539570212364197
  Y: 0.30000001192092896
  Z: 0.10000000149011612
object:
  Angle: 4.582571029663086
  AngleY: 2.4009408950805664
  AngleZ: 0.6211291551589966
  Flip: false
  Hue1: 0.37081265449523926
  Hue2: 0.04226698353886604
  RotationZ: 4.712796211242676
