scene:
  Count: 44
  GeomOffset: -0.0553814135491848
  Seed: 397
  ShadingOffset: 0.4856936037540436
  Y: 0.30000001192092896
  Z: 0.10000000149011612
object:
  Angle: 4.385715961456299
  AngleY: 2.1902740001678467
  AngleZ: 1.1549971103668213
  Flip: true
  Hue1: 0.042278699576854706
  Hue2: 0.050971999764442444
  RotationZ: 5.617997646331787
