scene:
  Count: 44
  GeomOffset: 0.0684114620089531
  Seed: 12
  ShadingOffset: 0.4198124408721924
  Y: 0.30000001192092896
  Z: 0.10000000149011612
object:
  Angle: 3.64595103263855
  AngleY: 1.986943244934082
  AngleZ: 0.9552463889122009
  Flip: false
  Hue1: 0.39069321751594543
  Hue2: 0.24002568423748016
  RotationZ: 4.193212032318115
