scene:
  Count: 44
  GeomOffset: 0.0664813295006752
  Seed: 20
  ShadingOffset: 0.968515932559967
  Y: 0.30000001192092896
  Z: 0.10000000149011612
object:
  Angle: 2.20819354057312
  AngleY: 2.9707417488098145
  AngleZ: 1.9123157262802124
  Flip: false
  Hue1: 0.15714018046855927
  Hue2: 0.10453913360834122
  RotationZ: 1.3965415954589844
