scene:
  Count: 44
  GeomOffset: -0.0709894597530365
  Seed: 323
  ShadingOffset: -0.6842080354690552
  Y: 0.30000001192092896
  Z: 0.10000000149011612
object:
  Angle: 5.707688331604004
  AngleY: 0.5921705961227417
  AngleZ: 2.2540934085845947
  Flip: false
  Hue1: 0.20494745671749115
  Hue2: 0.9467723965644836
  RotationZ: 0.3000687062740326
