scene:
  Count: 44
  GeomOffset: 0.019161781296133995
  Seed: 475
  ShadingOffset: -0.27364441752433777
  Y: 0.30000001192092896
  Z: 0.10000000149011612
object:
  Angle: 3.215742826461792
  AngleY: 2.5477681159973145
  AngleZ: 1.7793349027633667
  Flip: false
  Hue1: 0.5797184109687805
  Hue2: 0.05689114332199097
  RotationZ: 1.783437967300415
