scene:
  Count: 44
  GeomOffset: -0.09473219513893127
  Seed: 314
  ShadingOffset: 0.13729888200759888
  Y: 0.30000001192092896
  Z: 0.10000000149011612
object:
  Angle: 2.3346216678619385
  AngleY: 0.2020220011472702
  AngleZ: 2.3520865440368652
  Flip: true
  Hue1: 0.40796416997909546
  Hue2: 0.9525312781333923
  RotationZ: 3.083923816680908
