scene:
  Count: 44
  GeomOffset: 0.05576267093420029
  Seed: 115
  ShadingOffset: 0.8214254975318909
  Y: 0.30000001192092896
  Z: 0.10000000149011612
object:
  Angle: 0.5668423771858215
  AngleY: 2.1334948539733887
  AngleZ: 2.555666923522949
  Flip: false
  Hue1: 0.7632471919059753
  Hue2: 0.7437545657157898
  RotationZ: 5.764595031738281
