scene:
  Count: 44
  GeomOffset: 0.038604170083999634
  Seed: 287
  ShadingOffset: -0.25434839725494385
  Y: 0.30000001192092896
  Z: 0.10000000149011612
object:
  Angle: 3.759944438934326
  AngleY: 0.999423623085022
  AngleZ: 0.9729651808738708
  Flip: true
  Hue1: 0.3578069806098938
  Hue2: 0.5288945436477661
  RotationZ: 2.280381202697754
