scene:
  Count: 44
  GeomOffset: 0.06618092209100723
  Seed: 432
  ShadingOffset: -0.4778708219528198
  Y: 0.30000001192092896
  Z: 0.10000000149011612
object:
  Angle: 2.232529401779175
  AngleY: 0.5310900807380676
  AngleZ: 1.3700430393218994
  Flip: false
  Hue1: 0.861937403678894
  Hue2: 0.9299343824386597
  RotationZ: 5.261480808258057
