scene:
  Count: 44
  GeomOffset: -0.04537554830312729
  Seed: 229
  ShadingOffset: -0.683738112449646
  Y: 0.30000001192092896
  Z: 0.10000000149011612
object:
  Angle: 1.1094213724136353
  AngleY: 0.15928517282009125
  AngleZ: 0.763782799243927
  Flip: false
  Hue1: 0.4063233733177185
  Hue2: 0.06685052067041397
  RotationZ: 1.249377965927124
