scene:
  Count: 44
  GeomOffset: -0.01375933364033699
  Seed: 447
  ShadingOffset: -0.7841261029243469
  Y: 0.30000001192092896
  Z: 0.10000000149011612
object:
  Angle: 4.223614692687988
  AngleY: 0.9814742803573608
  AngleZ: 2.967203140258789
  Flip: true
  Hue1: 0.5063732266426086
  Hue2: 0.10105840861797333
  RotationZ: 3.146604061126709
