scene:
  Count: 44
  GeomOffset: 0.006689441855996847
  Seed: 301
  ShadingOffset: -0.7563570737838745
  Y: 0.30000001192092896
  Z: 0.10000000149011612
object:
  Angle: 4.98637056350708
  AngleY: 2.958386182785034
  AngleZ: 2.4001193046569824
  Flip: true
  Hue1: 0.8327590227127075
  Hue2: 0.6775341629981995
  RotationZ: 2.11374568939209
