scene:
  Count: 44
  GeomOffset: -0.05101517215371132
  Seed: 478
  ShadingOffset: 0.20893718302249908
  Y: 0.30000001192092896
  Z: 0.10000000149011612
object:
  Angle: 1.335578203201294
  AngleY: 0.7814974188804626
  AngleZ: 3.02596378326416
  Flip: false
  Hue1: 0.5515763163566589
  Hue2: 0.3145352303981781
  RotationZ: 6.147387981414795
