normalization:
  max: 4.90308952331543
  min: 2.3110644817352295
