scene:
  Count: 44
  GeomOffset: 0.09047053754329681
  Seed: 233
  ShadingOffset: -0.9701266884803772
  Y: 0.30000001192092896
  Z: 0.10000000149011612
object:
  Angle: 6.269269943237305
  AngleY: 1.8444715738296509
  AngleZ: 0.10773263871669769
  Flip: false
  Hue1: 0.1969284564256668
  Hue2: 0.4310862421989441
  RotationZ: 2.7719430923461914
