scene:
  Count: 44
  GeomOffset: -0.076727956533432
  Seed: 94
  ShadingOffset: 0.8279910683631897
  Y: 0.30000001192092896
  Z: 0.10000000149011612
object:
  Angle: 1.1709529161453247
  AngleY: 1.1229807138442993
  AngleZ: 0.9212937951087952
  Flip: true
  Hue1: 0.6002213954925537
  Hue2: 0.5435434579849243
  RotationZ: 0.7656348943710327
