scene:
  Count: 44
  GeomOffset: -0.040042001754045486
  Seed: 228
  ShadingOffset: -0.01603558100759983
  Y: 0.30000001192092896
  Z: 0.10000000149011612
object:
  Angle: 3.1963932514190674
  AngleY: 1.1731038093566895
  AngleZ: 0.3885904848575592
  Flip: true
  Hue1: 0.6070447564125061
  Hue2: 0.7713903188705444
  RotationZ: 4.696882247924805
