scene:
  Count: 44
  GeomOffset: 0.03257499262690544
  Seed: 395
  ShadingOffset: 0.746053159236908
  Y: 0.30000001192092896
  Z: 0.10000000149011612
object:
  Angle: 3.4277689456939697
  AngleY: 1.8430914878845215
  AngleZ: 1.01675546169281
  Flip: false
  Hue1: 0.3111758828163147
  Hue2: 0.10101044923067093
  RotationZ: 3.2250242233276367
