scene:
  Count: 44
  GeomOffset: -0.089746855199337
  Seed: 342
  ShadingOffset: -0.1523721069097519
  Y: 0.30000001192092896
  Z: 0.10000000149011612
object:
  Angle: 5.500829219818115
  AngleY: 1.4253801107406616
  AngleZ: 1.5449838638305664
  Flip: true
  Hue1: 0.9817895889282227
  Hue2: 0.9383111000061035
  RotationZ: 4.196150779724121
