scene:
  Count: 44
  GeomOffset: -0.08038552105426788
  Seed: 90
  ShadingOffset: -0.6873257756233215
  Y: 0.30000001192092896
  Z: 0.10000000149011612
object:
  Angle: 5.735701560974121
  AngleY: 1.1297059059143066
  AngleZ: 1.2675687074661255
  Flip: true
  Hue1: 0.8972628712654114
  Hue2: 0.00748257664963603
  RotationZ: 3.6523725986480713
