scene:
  Count: 44
  GeomOffset: 0.0526726171374321
  Seed: 104
  ShadingOffset: -0.7766938209533691
  Y: 0.30000001192092896
  Z: 0.10000000149011612
object:
  Angle: 6.063214302062988
  AngleY: 2.2930238246917725
  AngleZ: 0.713639497756958
  Flip: true
  Hue1: 0.6257761716842651
  Hue2: 0.9009429216384888
  RotationZ: 6.027267932891846
