scene:
  Count: 44
  GeomOffset: -0.07092899829149246
  Seed: 384
  ShadingOffset: -0.00975644402205944
  Y: 0.30000001192092896
  Z: 0.10000000149011612
object:
  Angle: 3.018594741821289
  AngleY: 1.576690435409546
  AngleZ: 2.073831558227539
  Flip: false
  Hue1: 0.2190714031457901
  Hue2: 0.7527782917022705
  RotationZ: 0.4653117060661316
