scene:
  Count: 44
  GeomOffset: -0.02765492908656597
  Seed: 481
  ShadingOffset: 0.9564666748046875
  Y: 0.30000001192092896
  Z: 0.10000000149011612
object:
  Angle: 1.0844371318817139
  AngleY: 0.4486143887042999
  AngleZ: 1.3283082246780396
  Flip: false
  Hue1: 0.3721778094768524
  Hue2: 0.6265445947647095
  RotationZ: 2.8643791675567627
