scene:
  Count: 44
  GeomOffset: -0.025465212762355804
  Seed: 385
  ShadingOffset: -0.5624032020568848
  Y: 0.30000001192092896
  Z: 0.10000000149011612
object:
  Angle: 4.61106014251709
  AngleY: 2.541902542114258
  AngleZ: 0.9830939769744873
  Flip: true
  Hue1: 0.03842838853597641
  Hue2: 0.5051117539405823
  RotationZ: 1.6496496200561523
