scene:
  Count: 44
  GeomOffset: -0.015075655654072762
  Seed: 476
  ShadingOffset: -0.6678016185760498
  Y: 0.30000001192092896
  Z: 0.10000000149011612
object:
  Angle: 3.059030055999756
  AngleY: 1.280914306640625
  AngleZ: 1.8864781856536865
  Flip: true
  Hue1: 0.8761255741119385
  Hue2: 0.19025930762290955
  RotationZ: 5.001554489135742
