scene:
  Count: 44
  GeomOffset: 0.06641549617052078
  Seed: 24
  ShadingOffset: 0.5382713675498962
  Y: 0.30000001192092896
  Z: 0.10000000149011612
object:
  Angle: 1.2747523784637451
  AngleY: 1.838762879371643
  AngleZ: 2.640380620956421
  Flip: false
  Hue1: 0.039703093469142914
  Hue2: 0.8247379064559937
  RotationZ: 3.4248604774475098
