scene:
  Count: 44
  GeomOffset: 0.01638934202492237
  Seed: 17
  ShadingOffset: -0.656970739364624
  Y: 0.30000001192092896
  Z: 0.10000000149011612
object:
  Angle: 0.29432541131973267
  AngleY: 2.0713248252868652
  AngleZ: 1.691858172416687
  Flip: false
  Hue1: 0.5872745513916016
  Hue2: 0.4654860198497772
  RotationZ: 3.169555425643921
