scene:
  Count: 44
  GeomOffset: 0.010236561298370361
  Seed: 373
  ShadingOffset: -0.35957762598991394
  Y: 0.30000001192092896
  Z: 0.10000000149011612
object:
  Angle: 2.2166411876678467
  AngleY: 0.9092942476272583
  AngleZ: 1.2107654809951782
  Flip: false
  Hue1: 0.947390615940094
  Hue2: 0.14232636988162994
  RotationZ: 1.777380108833313
