scene:
  Count: 44
  GeomOffset: 0.0623544305562973
  Seed: 235
  ShadingOffset: 0.2494087815284729
  Y: 0.30000001192092896
  Z: 0.10000000149011612
object:
  Angle: 5.220332145690918
  AngleY: 1.7698063850402832
  AngleZ: 1.9086472988128662
  Flip: false
  Hue1: 0.9233095645904541
  Hue2: 0.7324994206428528
  RotationZ: 2.562037944793701
