scene:
  Count: 44
  GeomOffset: 0.040889251977205276
  Seed: 225
  ShadingOffset: 0.6781585216522217
  Y: 0.30000001192092896
  Z: 0.10000000149011612
object:
  Angle: 0.6439905166625977
  AngleY: 0.017392916604876518
  AngleZ: 2.8233814239501953
  Flip: true
  Hue1: 0.152467280626297
  Hue2: 0.9232982993125916
  RotationZ: 3.2720718383789062
