scene:
  Count: 44
  GeomOffset: 0.0428728424012661
  Seed: 178
  ShadingOffset: -0.42654088139533997
  Y: 0.30000001192092896
  Z: 0.10000000149011612
object:
  Angle: 5.522461414337158
  AngleY: 0.5436726212501526
  AngleZ: 1.5562795400619507
  Flip: true
  Hue1: 0.39578452706336975
  Hue2: 0.10524120926856995
  RotationZ: 4.255341529846191
