scene:
  Count: 44
  GeomOffset: 0.01064389105886221
  Seed: 185
  ShadingOffset: 0.7806680202484131
  Y: 0.30000001192092896
  Z: 0.10000000149011612
object:
  Angle: 2.7398171424865723
  AngleY: 2.5928287506103516
  AngleZ: 2.185567855834961
  Flip: false
  Hue1: 0.8561568856239319
  Hue2: 0.8029820322990417
  RotationZ: 5.940720081329346
