scene:
  Count: 44
  GeomOffset: -0.015213336795568466
  Seed: 137
  ShadingOffset: -0.8729475736618042
  Y: 0.30000001192092896
  Z: 0.10000000149011612
object:
  Angle: 5.339475154876709
  AngleY: 1.1437195539474487
  AngleZ: 0.40241003036499023
  Flip: true
  Hue1: 0.15599371492862701
  Hue2: 0.2027590125799179
  RotationZ: 1.2087600231170654
