scene:
  Count: 44
  GeomOffset: -0.04168672859668732
  Seed: 58
  ShadingOffset: 0.009894639253616333
  Y: 0.30000001192092896
  Z: 0.10000000149011612
object:
  Angle: 3.020057439804077
  AngleY: 0.21806888282299042
  AngleZ: 3.07431697845459
  Flip: true
  Hue1: 0.8731660842895508
  Hue2: 0.1785273253917694
  RotationZ: 4.942113399505615
