scene:
  Count: 44
  GeomOffset: -0.009594475850462914
  Seed: 303
  ShadingOffset: 0.05396988242864609
  Y: 0.30000001192092896
  Z: 0.10000000149011612
object:
  Angle: 3.8696517944335938
  AngleY: 2.623847007751465
  AngleZ: 2.658371925354004
  Flip: false
  Hue1: 0.759190559387207
  Hue2: 0.8172866106033325
  RotationZ: 2.257188320159912
